[5.232371254690802e-07, -4.6863351767032415e-06, 2.124673123038434e-05, -0.9961996054736515, 0.29539655487202054, 0.6955778031750208]
---
[4.731764919055102e-07, -1.305216901074423e-05, 0.0006853310203744911, 0.007083551834628388, -0.037558769989713525, 1.3020658458886523]
---
[1.998661431959388e-08, 3.4279949814734383e-08, 1.5037617689728222e-05, -0.9952031529570782, 0.2952006259636928, 0.6952012030805053]
---
[6.814201166229532e-07, 6.250819288270299e-07, -2.696132759716363e-05, -0.9962059068043603, 0.2953953375397935, 0.6955770921615896]
---
[0.018909501970400623, 0.018901360792670283, -0.0007612973121080557, 0.13498396786091504, 0.1315815202531967, 1.0475028730646798]
---
[0.0056959016157833425, 0.005716374518304412, -0.0007170928713140512, 0.13489214484261236, 0.13157502621872297, 1.0474940226769558]
---
[0.013269588086070892, 0.014235729989034123, -0.0009911954172752147, 0.15608225639418016, 0.1315341578616458, 1.0474036387372383]
---
header: 
  seq: 222476
  stamp: 
    secs: 2224
    nsecs: 772000000
  frame_id: ''
name: [gripper, gripper_sub, joint1, joint2, joint3, joint4]
position: [0.008924380058811462, 0.008740046094951808, -0.001004364263609503, 0.156171859428607, 0.13149469030330518, 1.0474231216657728]
velocity: [-3.331364176841903e-05, -0.1843587709363162, -0.0006733512735636684, 0.09418746492039225, 0.004558744553500735, 0.00462343031215845]
effort: [-0.00014919946832649375, 0.0, 0.0, 0.0, 0.0, 0.0]
---
